 <pre>

 Contingency table for Rh2m (%)
 Selection: ALL   1052 stations
Period: 20220816-20220819
Used {All hours} + 00 01 02 03
 Limits    30.0000000       50.0000000       65.0000000       75.0000000       85.0000000       95.0000000       100.000000    
 Each class is data <= limit, the very last > last limit
 Total number of values      292717
                                              OBSERVATION
                                    129      270        1        0        0        0        0        0 |       400
                                    158    14956     6774      572      163       45        4        0 |     22672
                                      8     2932    24334    11329     3550      986      164        0 |     43303
                      MNWC_ref        1      176     6246    20795    15341     4992      867        0 |     48418
                                      0       46     1197     8372    31174    21533     4548        0 |     66870
                                      0       12      214     1325    11309    44234    21837        0 |     78931
                                      0        1       22      143     1250     8121    21123        0 |     30660
                                      0        0        0        2       59      421      981        0 |      1463

                    SUM             296    18393    38788    42538    62846    80332    49524        0 |    292717
                                              OBSERVATION
                                    159      454       15        0        0        0        0        0 |       628
                                    131    14746     6414      762      213       61        8        0 |     22335
                                      6     2928    24997    11284     3892     1226      261        0 |     44594
                       1h_grAv        0      184     6095    21307    16039     5667     1228        0 |     50520
                                      0       73      999     7681    30526    22732     5412        0 |     67423
                                      0        8      241     1356    10796    43262    23910        0 |     79573
                                      0        0       27      148     1340     7094    18149        0 |     26758
                                      0        0        0        0       40      290      556        0 |       886

                    SUM             296    18393    38788    42538    62846    80332    49524        0 |    292717
                                              OBSERVATION
                                    168      475       13        0        0        0        0        0 |       656
                                    122    14704     6837      820      198       39       10        0 |     22730
                                      6     2937    24644    11965     4461     1315      252        0 |     45580
                     1h_nechgu        0      196     5973    20624    16518     6328     1263        0 |     50902
                                      0       64     1026     7619    29998    23700     6483        0 |     68890
                                      0       16      262     1356    10463    41879    23721        0 |     77697
                                      0        1       33      152     1171     6834    17256        0 |     25447
                                      0        0        0        2       37      237      539        0 |       815

                    SUM             296    18393    38788    42538    62846    80332    49524        0 |    292717
                                              OBSERVATION
                                    145      384        6        0        0        0        0        0 |       535
                                    147    14923     6660      619      185       51        3        0 |     22588
                                      4     2903    24896    11829     3679     1080      186        0 |     44577
                        2h_org        0      152     6012    20935    16435     5627     1051        0 |     50212
                                      0       29      950     7624    30888    23390     5405        0 |     68286
                                      0        2      234     1388    10411    42938    23534        0 |     78507
                                      0        0       29      140     1218     6941    18714        0 |     27042
                                      0        0        1        3       30      305      631        0 |       970

                    SUM             296    18393    38788    42538    62846    80332    49524        0 |    292717
                                              OBSERVATION
                                    135      417        4        0        0        0        0        0 |       556
                                    156    15017     7128      741      216       56        7        0 |     23321
                                      5     2785    24571    12213     4072     1250      213        0 |     45109
                        3h_org        0      144     5870    20407    16255     5691     1124        0 |     49491
                                      0       28      974     7687    30565    22955     5383        0 |     67592
                                      0        2      219     1346    10504    42511    22753        0 |     77335
                                      0        0       22      143     1190     7553    19304        0 |     28212
                                      0        0        0        1       44      316      740        0 |      1101

                    SUM             296    18393    38788    42538    62846    80332    49524        0 |    292717

