 <pre>

 Contingency table for Visibility (m)
 Selection: METCOOP    267 stations
Period: 20220816-20220819
Used {All hours} + 00 01 02 03
 Limits    1000.00000       5000.00000       10000.0000       20000.0000    
 Each class is data <= limit, the very last > last limit
 Total number of values       74399
                                     OBSERVATION
                                    455      317      165      146      162 |      1245
                                    698     1537     1625     1461     1163 |      6484
                      MNWC_ref      326      861     1265     1811     1507 |      5770
                                    252      826     1667     4250     9646 |     16641
                                    555     1497     2602     8852    30753 |     44259

                    SUM            2286     5038     7324    16520    43231 |     74399
                                     OBSERVATION
                                    141      135       80       73       99 |       528
                                    654     1134     1103     1153     1235 |      5279
                       1h_grAv      425     1028     1414     1626     1552 |      6045
                                    315      984     1721     4487     9503 |     17010
                                    751     1757     3006     9181    30842 |     45537

                    SUM            2286     5038     7324    16520    43231 |     74399
                                     OBSERVATION
                                     97      100       77       71      100 |       445
                                    561     1045     1017      970     1042 |      4635
                     1h_nechgu      467     1015     1287     1499     1447 |      5715
                                    363     1059     1890     4623     9490 |     17425
                                    798     1819     3053     9357    31152 |     46179

                    SUM            2286     5038     7324    16520    43231 |     74399
                                     OBSERVATION
                                    176      147       82       87      109 |       601
                                    667     1233     1241     1175     1127 |      5443
                        2h_org      436      961     1353     1673     1578 |      6001
                                    302      949     1759     4516     9748 |     17274
                                    705     1748     2889     9069    30669 |     45080

                    SUM            2286     5038     7324    16520    43231 |     74399
                                     OBSERVATION
                                    197      150       81       96      106 |       630
                                    708     1332     1301     1269     1167 |      5777
                        3h_org      393      940     1383     1751     1584 |      6051
                                    297      928     1697     4345     9650 |     16917
                                    691     1688     2862     9059    30724 |     45024

                    SUM            2286     5038     7324    16520    43231 |     74399

