 <pre>

 Contingency table for Cloud cover (octas)
 Selection: ALL    399 stations
Period: 20220816-20220819
Used {All hours} + 01 02 03
 Limits   0.500000000       1.50000000       2.50000000       3.50000000       4.50000000       5.50000000       6.50000000       7.50000000    
 Each class is data <= limit, the very last > last limit
 Total number of values       59227
                                                       OBSERVATION
                                   4660     1193     1440      632      304      343      336      364      539 |      9811
                                   1342      457      479      354      208      287      300      378      643 |      4448
                                    803      231      280      245      146      236      240      332      534 |      3047
                                    561      172      201      152      151      194      218      307      624 |      2580
                      MNWC_ref      544      156      189      166      151      169      274      382      647 |      2678
                                    561      127      213      202      153      227      264      448      816 |      3011
                                    564      194      203      229      140      267      359      614     1117 |      3687
                                    750      232      278      312      225      377      544     1084     2059 |      5861
                                   1459      534      461      617      461     1024     1618     4791    13139 |     24104

                    SUM           11244     3296     3744     2909     1939     3124     4153     8700    20118 |     59227
                                                       OBSERVATION
                                   4518     1310     1456      725      373      448      405      485      824 |     10544
                                   1299      421      527      334      217      277      326      429      685 |      4515
                                    810      196      312      222      165      225      229      328      615 |      3102
                                    599      167      224      167      129      185      230      331      580 |      2612
                       1h_grAv      547      154      189      188      155      216      231      350      653 |      2683
                                    552      119      196      198      119      218      269      453      848 |      2972
                                    565      180      174      194      130      216      336      606     1096 |      3497
                                    765      212      255      250      171      384      518     1010     1975 |      5540
                                   1589      537      411      631      480      955     1609     4708    12842 |     23762

                    SUM           11244     3296     3744     2909     1939     3124     4153     8700    20118 |     59227
                                                       OBSERVATION
                                   4689     1336     1573      732      387      478      451      498      803 |     10947
                                   1272      402      476      376      229      293      316      427      781 |      4572
                                    749      207      280      200      142      215      233      333      662 |      3021
                                    606      170      217      187      139      196      243      318      631 |      2707
                     1h_nechgu      532      126      201      176      133      186      255      376      718 |      2703
                                    528      132      179      190      133      211      277      458      851 |      2959
                                    600      174      190      191      150      248      363      630     1160 |      3706
                                    761      235      226      262      170      369      524     1065     1965 |      5577
                                   1507      514      402      595      456      928     1491     4595    12547 |     23035

                    SUM           11244     3296     3744     2909     1939     3124     4153     8700    20118 |     59227
                                                       OBSERVATION
                                   4816     1324     1568      710      394      425      434      467      764 |     10902
                                   1347      435      495      357      204      297      332      436      718 |      4621
                                    779      214      273      233      156      223      219      322      603 |      3022
                                    620      201      197      174      118      181      195      311      574 |      2571
                        2h_org      485      136      197      193      153      211      240      348      624 |      2587
                                    480      129      193      170      141      211      270      445      769 |      2808
                                    533      157      166      206      149      253      345      594     1206 |      3609
                                    779      227      261      287      184      391      537     1013     1972 |      5651
                                   1405      473      394      579      440      932     1581     4764    12888 |     23456

                    SUM           11244     3296     3744     2909     1939     3124     4153     8700    20118 |     59227
                                                       OBSERVATION
                                   5022     1310     1535      702      367      444      397      427      796 |     11000
                                   1262      434      485      385      199      291      325      408      721 |      4510
                                    740      222      278      237      172      220      222      349      598 |      3038
                                    610      178      227      180      148      200      219      345      567 |      2674
                        3h_org      504      149      176      163      146      194      212      370      660 |      2574
                                    511      138      198      191      136      209      289      457      807 |      2936
                                    555      160      200      200      147      253      332      581     1158 |      3586
                                    745      247      238      266      200      376      605     1074     2076 |      5827
                                   1295      458      407      585      424      937     1552     4689    12735 |     23082

                    SUM           11244     3296     3744     2909     1939     3124     4153     8700    20118 |     59227

