 <pre>

 Contingency table for Visibility (m)
 Selection: ALL    711 stations
Period: 20220816-20220819
Used {All hours} + 00 01 02 03
 Limits    1000.00000       5000.00000       10000.0000       20000.0000    
 Each class is data <= limit, the very last > last limit
 Total number of values      180243
                                     OBSERVATION
                                    604      430      198      179      165 |      1576
                                   1304     2611     2509     2263     1669 |     10356
                      MNWC_ref      823     2392     3437     4896     3591 |     15139
                                    372     1965     4654    12979    20815 |     40785
                                   1012     3297     8892    33530    65656 |    112387

                    SUM            4115    10695    19690    53847    91896 |    180243
                                     OBSERVATION
                                    197      149      104      144      102 |       696
                                   1180     2058     2040     2043     1779 |      9100
                       1h_grAv      984     2549     3308     4611     3692 |     15144
                                    500     2230     4634    13014    20327 |     40705
                                   1254     3709     9604    34035    65996 |    114598

                    SUM            4115    10695    19690    53847    91896 |    180243
                                     OBSERVATION
                                    200      135      112      132      101 |       680
                                   1080     1825     1826     1710     1518 |      7959
                     1h_nechgu      995     2487     3107     4012     3281 |     13882
                                    561     2477     4887    13331    20066 |     41322
                                   1279     3771     9758    34662    66930 |    116400

                    SUM            4115    10695    19690    53847    91896 |    180243
                                     OBSERVATION
                                    216      170       90      102      111 |       689
                                   1248     2131     2088     1959     1582 |      9008
                        2h_org      986     2482     3327     4518     3575 |     14888
                                    464     2245     4792    13427    20408 |     41336
                                   1201     3667     9393    33841    66220 |    114322

                    SUM            4115    10695    19690    53847    91896 |    180243
                                     OBSERVATION
                                    262      177       94      101      110 |       744
                                   1275     2250     2153     2056     1636 |      9370
                        3h_org      942     2414     3275     4495     3548 |     14674
                                    454     2252     4718    13038    20043 |     40505
                                   1182     3602     9450    34157    66559 |    114950

                    SUM            4115    10695    19690    53847    91896 |    180243

