 <pre>

 Contingency table for Low clouds (octas)
 Selection: METCOOP    230 stations
Period: 20220816-20220819
Used {All hours} + 01 02 03
 Limits    1.00000000       2.00000000       3.00000000       4.00000000       5.00000000       6.00000000       7.00000000    
 Each class is data <= limit, the very last > last limit
 Total number of values       37099
                                              OBSERVATION
                                  15142     1234     1019      700      728      587      920     2149 |     22479
                                    625      196      172      132      113      133      225      448 |      2044
                                    349      112       91       88       93      100      152      308 |      1293
                      MNWC_ref      244      101       92       65       65       72      126      254 |      1019
                                    189       88       71       60       73       63      129      257 |       930
                                    219       80       86       60       73       65      137      271 |       991
                                    232      120      103       64      106      102      202      419 |      1348
                                    542      378      402      371      405      410     1079     3408 |      6995

                    SUM           17542     2309     2036     1540     1656     1532     2970     7514 |     37099
                                              OBSERVATION
                                  15365     1358     1129      795      826      752     1269     3026 |     24520
                                    582      194      150       95      129      101      208      473 |      1932
                                    284      132      115       75       96       63      134      331 |      1230
                       1h_grAv      200       88       89       64       53       59       98      242 |       893
                                    196       60       72       49       57       48      119      240 |       841
                                    187       84       68       78       60       62      123      268 |       930
                                    232       76       94       80       97       74      167      381 |      1201
                                    496      317      319      304      338      373      852     2553 |      5552

                    SUM           17542     2309     2036     1540     1656     1532     2970     7514 |     37099
                                              OBSERVATION
                                  15422     1434     1197      820      894      767     1325     3347 |     25206
                                    595      163      189      138      135      121      259      515 |      2115
                                    307      106       74       78       82       83      155      324 |      1209
                     1h_nechgu      218       73       56       55       63       64      131      230 |       890
                                    194       59       59       45       63       65      104      234 |       823
                                    173       69       71       61       51       47      115      245 |       832
                                    201       85       88       81       82       73      174      366 |      1150
                                    432      320      302      262      286      312      707     2253 |      4874

                    SUM           17542     2309     2036     1540     1656     1532     2970     7514 |     37099
                                              OBSERVATION
                                  15564     1383     1151      821      882      748     1220     2924 |     24693
                                    501      186      167      118      142      122      244      514 |      1994
                                    294      100      102       61       76       73      141      328 |      1175
                        2h_org      209       72       80       77       52       66      108      293 |       957
                                    171       71       57       63       46       70      122      275 |       875
                                    167       78       75       51       54       45      130      257 |       857
                                    178       97       93       78       78       75      175      413 |      1187
                                    458      322      311      271      326      333      830     2510 |      5361

                    SUM           17542     2309     2036     1540     1656     1532     2970     7514 |     37099
                                              OBSERVATION
                                  15591     1378     1142      815      820      748     1147     2879 |     24520
                                    526      173      162      115      138      112      215      505 |      1946
                                    317      128       89       70       98       64      136      355 |      1257
                        3h_org      201       84       64       60       77       71      118      292 |       967
                                    154       89       80       48       50       73      122      267 |       883
                                    126       72       68       61       70       61      136      286 |       880
                                    183       73       70       62       91       79      170      439 |      1167
                                    444      312      361      309      312      324      926     2491 |      5479

                    SUM           17542     2309     2036     1540     1656     1532     2970     7514 |     37099

