 <pre>

 Contingency table for Low clouds (octas)
 Selection: ALL    616 stations
Period: 20220816-20220819
Used {All hours} + 01 02 03
 Limits    1.00000000       2.00000000       3.00000000       4.00000000       5.00000000       6.00000000       7.00000000    
 Each class is data <= limit, the very last > last limit
 Total number of values       93661
                                              OBSERVATION
                                  47485     3446     2351     1542     1485     1241     2013     3973 |     63536
                                   1440      338      314      249      240      232      464      865 |      4142
                                    770      213      181      148      173      176      324      672 |      2657
                      MNWC_ref      603      183      166      119      144      147      265      583 |      2210
                                    485      174      171      127      145      143      278      608 |      2131
                                    496      158      193      130      156      153      301      670 |      2257
                                    539      244      228      182      215      208      447     1036 |      3099
                                   1203      627      736      626      748      782     2200     6707 |     13629

                    SUM           53021     5383     4340     3123     3306     3082     6292    15114 |     93661
                                              OBSERVATION
                                  48213     3674     2628     1773     1770     1570     2823     5639 |     68090
                                   1320      349      269      214      236      211      441     1002 |      4042
                                    656      226      208      125      166      135      296      751 |      2563
                       1h_grAv      469      155      186      106      118      127      213      568 |      1942
                                    440      137      140       97      120      106      257      601 |      1898
                                    418      141      146      141      134      133      260      654 |      2027
                                    507      160      180      160      186      155      357      971 |      2676
                                    998      541      583      507      576      645     1645     4928 |     10423

                    SUM           53021     5383     4340     3123     3306     3082     6292    15114 |     93661
                                              OBSERVATION
                                  48552     3841     2743     1862     1854     1615     2966     6364 |     69797
                                   1225      273      322      223      235      243      494     1056 |      4071
                                    671      198      160      140      154      152      311      731 |      2517
                     1h_nechgu      455      143      121      103      125      119      279      572 |      1917
                                    397      119      131       99      124      131      247      600 |      1848
                                    385      127      140      120      131       98      266      635 |      1902
                                    469      178      178      151      162      159      380      967 |      2644
                                    867      504      545      425      521      565     1349     4189 |      8965

                    SUM           53021     5383     4340     3123     3306     3082     6292    15114 |     93661
                                              OBSERVATION
                                  48721     3689     2619     1776     1791     1534     2678     5373 |     68181
                                   1151      329      312      193      239      226      464     1013 |      3927
                                    628      183      193      145      162      143      285      702 |      2441
                        2h_org      474      162      160      141      121      138      223      622 |      2041
                                    375      152      140      117      124      157      256      607 |      1928
                                    380      144      159      104      139       93      266      682 |      1967
                                    390      182      186      167      164      160      442      960 |      2651
                                    902      542      571      480      566      631     1678     5155 |     10525

                    SUM           53021     5383     4340     3123     3306     3082     6292    15114 |     93661
                                              OBSERVATION
                                  48755     3671     2650     1742     1714     1486     2548     5258 |     67824
                                   1152      324      306      213      267      209      441      996 |      3908
                                    672      225      163      130      168      135      298      764 |      2555
                        3h_org      459      159      139      118      135      143      250      622 |      2025
                                    362      157      153      106      138      156      257      618 |      1947
                                    324      142      150      125      148      139      282      685 |      1995
                                    404      185      167      145      183      189      422      985 |      2680
                                    893      520      612      544      553      625     1794     5186 |     10727

                    SUM           53021     5383     4340     3123     3306     3082     6292    15114 |     93661

