 <pre>

 Contingency table for Cloud base (m)
 Selection: ALL    622 stations
Period: 20220816-20220819
Used {All hours} + 01 02 03
 Limits    70.0000000       150.000000       300.000000       600.000000       1000.00000       1500.00000       2500.00000       5000.00000    
 Each class is data <= limit, the very last > last limit
 Total number of values       89374
                                                       OBSERVATION
                                    407      156       88       17        7        5        4        9       51 |       744
                                    174      174      168       43        5        4        2        5       37 |       612
                                    208      437      695      225       13       15        5       16       78 |      1692
                                    147      356     1524     1492      345       84       63       48      104 |      4163
                      MNWC_ref      114      264      892     1871     1210      388      181      122      230 |      5272
                                     73      165      525      863     1078     1153      337      234      238 |      4666
                                    131      216      573      786      588      915     1472     1170      621 |      6472
                                    156      350      839      874      917      842     1714     5573     1136 |     12401
                                   1300     1088     2287     3050     3316     3547     4096     9826    24842 |     53352

                    SUM            2710     3206     7591     9221     7479     6953     7874    17003    27337 |     89374
                                                       OBSERVATION
                                    147       36       38        6        5        0        1        1       37 |       271
                                     97       53       48       22        0        1        0        0        3 |       224
                                    119      158      255      103       14       12        8        7       20 |       696
                                    109      352     1009      817      251       64       52       45       47 |      2746
                       1h_grAv       93      273      903     1398      994      342      139      106      196 |      4444
                                    121      177      617      974      987     1100      353      221      244 |      4794
                                    126      215      646      802      733      887     1301     1072      646 |      6428
                                    244      433     1004     1097      957      946     1597     4938     1314 |     12530
                                   1654     1509     3071     4002     3538     3601     4423    10613    24830 |     57241

                    SUM            2710     3206     7591     9221     7479     6953     7874    17003    27337 |     89374
                                                       OBSERVATION
                                    158       31       26        6        3        3        6        3       30 |       266
                                     92       55       47       15        2        2        1        9        5 |       228
                                    124      169      217       65        9       10        8       10       41 |       653
                                    118      304      748      636      228       51       38       27       18 |      2168
                     1h_nechgu       69      243      869     1228      880      266      111       99      149 |      3914
                                     91      168      529      928      973     1069      331      198      215 |      4502
                                    117      201      636      848      627      878     1208     1072      546 |      6133
                                    264      393     1033     1212     1042      879     1536     4298     1208 |     11865
                                   1677     1642     3486     4283     3715     3795     4635    11287    25125 |     59645

                    SUM            2710     3206     7591     9221     7479     6953     7874    17003    27337 |     89374
                                                       OBSERVATION
                                    140       39       32       11        5        3        1        3        4 |       238
                                     80       47       46       15        0        2        0        1        7 |       198
                                    131      207      267      115       11       13        6        5       27 |       782
                                     95      364     1150      904      240       80       45       40       23 |      2941
                        2h_org      117      263      911     1577     1036      323      153      110      182 |      4672
                                     78      152      596      892     1010     1044      315      216      213 |      4516
                                    135      207      624      774      641      885     1264      957      439 |      5926
                                    206      449      996     1039      971      948     1795     5030     1166 |     12600
                                   1728     1478     2969     3894     3565     3655     4295    10641    25276 |     57501

                    SUM            2710     3206     7591     9221     7479     6953     7874    17003    27337 |     89374
                                                       OBSERVATION
                                    117       35       41        7        4        4        7        5       20 |       240
                                     72       55       55       33        3        4        0        0        6 |       228
                                    125      233      352      133       31       14        7       10       18 |       923
                                    111      324     1178     1004      258       88       61       35       36 |      3095
                        3h_org       78      282      906     1657     1058      329      151      104      144 |      4709
                                     91      158      589      890      977      998      339      185      198 |      4425
                                    141      238      582      747      591      898     1293     1001      473 |      5964
                                    192      399      943     1008      956      891     1743     5231     1120 |     12483
                                   1783     1482     2945     3742     3601     3727     4273    10432    25322 |     57307

                    SUM            2710     3206     7591     9221     7479     6953     7874    17003    27337 |     89374

