 <pre>

 Contingency table for Rh2m (%)
 Selection: METCOOP    518 stations
Period: 20220816-20220819
Used {All hours} + 00 01 02 03
 Limits    30.0000000       50.0000000       65.0000000       75.0000000       85.0000000       95.0000000       100.000000    
 Each class is data <= limit, the very last > last limit
 Total number of values      160085
                                              OBSERVATION
                                      0        0        0        0        0        0        0        0 |         0
                                      0     2225     2078      150       45       15        1        0 |      4514
                                      4     1298    12079     4845     1286      400       81        0 |     19993
                      MNWC_ref        0       65     3883    11770     8279     2365      413        0 |     26775
                                      0       10      821     5289    18199    11762     2612        0 |     38693
                                      0        1      149      969     7371    25740    13102        0 |     47332
                                      0        0       18      128     1101     5895    14319        0 |     21461
                                      0        0        0        2       55      362      898        0 |      1317

                    SUM               4     3599    19028    23153    36336    46539    31426        0 |    160085
                                              OBSERVATION
                                      0        8        0        0        0        0        0        0 |         8
                                      0     2240     1748      106       36       10        0        0 |      4140
                                      4     1298    12543     4683     1325      346       53        0 |     20252
                       1h_grAv        0       44     3876    12348     8443     2695      554        0 |     27960
                                      0        8      688     4941    18177    12629     3185        0 |     39628
                                      0        1      149      962     7190    25749    14999        0 |     49050
                                      0        0       24      113     1129     4863    12126        0 |     18255
                                      0        0        0        0       36      247      509        0 |       792

                    SUM               4     3599    19028    23153    36336    46539    31426        0 |    160085
                                              OBSERVATION
                                      0        8        0        0        0        0        0        0 |         8
                                      0     2193     1721      121       40        2        1        0 |      4078
                                      4     1337    12552     4858     1541      415       79        0 |     20786
                     1h_nechgu        0       52     3876    12109     8579     2951      555        0 |     28122
                                      0        6      686     5018    18046    13006     3718        0 |     40480
                                      0        3      173      930     7119    25294    15119        0 |     48638
                                      0        0       20      115      983     4665    11480        0 |     17263
                                      0        0        0        2       28      206      474        0 |       710

                    SUM               4     3599    19028    23153    36336    46539    31426        0 |    160085
                                              OBSERVATION
                                      0        0        0        0        0        0        0        0 |         0
                                      0     2224     1905      117       53       12        0        0 |      4311
                                      4     1320    12463     4951     1343      407       71        0 |     20559
                        2h_org        0       51     3777    12003     8613     2629      513        0 |     27586
                                      0        4      697     4944    18279    12738     3134        0 |     39796
                                      0        0      160     1015     6946    25470    14638        0 |     48229
                                      0        0       25      120     1073     5022    12486        0 |     18726
                                      0        0        1        3       29      261      584        0 |       878

                    SUM               4     3599    19028    23153    36336    46539    31426        0 |    160085
                                              OBSERVATION
                                      0        1        0        0        0        0        0        0 |         1
                                      0     2240     2036      151       52       17        1        0 |      4497
                                      4     1299    12276     5075     1460      474       73        0 |     20661
                        3h_org        0       54     3789    11679     8497     2541      521        0 |     27081
                                      0        5      745     5097    18143    12424     3018        0 |     39432
                                      0        0      160     1022     7097    25372    14138        0 |     47789
                                      0        0       22      128     1049     5450    13001        0 |     19650
                                      0        0        0        1       38      261      674        0 |       974

                    SUM               4     3599    19028    23153    36336    46539    31426        0 |    160085

